126633341
857835166
2606131220
2003742835
143277422
4033385777
2200789605262
2195274140
282055489
1748218123
291783866
728310618
86461435
69226163
928460291
1759494485
63239528
2104259273
274009696
2330004063
2326038298
1048835037
1821508218
704298669
1894051622
542444536
2576319456
68861769
908684286
3044432402
2934716056
1123758281
674867877
791105148
369453264
2981204553
819822479
245110412
405736807
122973767
3203826907
826920059
52602101
101703889
101980893
1027904474
1032474573
1047203249
1050095810
1063569743
1083724704
1086770461
1087514166
1093727741
110290313
110410385
1106898490
1116002277
1118993879
120531426
123922385
126140847
126734692
127117021
130041680
130231218
131077237
132941769
133804368
13713992
137468449
15026744
150358373
15689317
1600358925
1627864142
1637964635
1639512040
1642165554
1643266505
164348691
1644781358
1653514413
1654793811
1654833374
1654889350
1673648976
1675119109
1676285449
168518009
1688200693
169129371
1706628920
1719703959
1721285231
1722124491
1741971672
1751420929
1762146710
1768062056
177064598
1773315901
1782215088
178546284
17887805
1800671877
1800774631
1804778732
1809645650
18135952
1827659863
1829181039
1847142439
1850683564
1854917486
1868676521
1870615808
1878080073
1880740545
1895966098
1898563125
1903279640
1908800715
1931083223
1955503598
1967400276
197050880
197495948
1975767427
1988218913
2010645063
2013589273
202207645
2030204142
203036173
2034329292
203623944
2040859354
206163812
2067845312
2103587316
2128533524
2134053339
2136501939
2140531458
216414755
2176321006
21858018
2189026531
2189218433
2195017288
2200558977531
2200812737295
2200834760225
2200982116056
2201262604424
2204195860459
22052768
2206580683238
2206629390495
2206893483723
2207339543
2222115701
2222931880
2245936694
224989900
2262807856
228939170
23042700
2323150409
2333882135
2337423104
2352475255
2397059398
2403049078
2449768279
2451067705
2467995287
2472713135
248597486
252632402
2530667534
255836635
2566329826
2568144235
262143788
26226452
2624616295
2636076471
2638095467
2647791658
264793662
2648620207
2651108713
265117887
2660143464
2662055065
266207163
2671509125
269169475
2694951056
2704201878
272263123
276939505
2770323584
2773380331
2783353507
2791016992
2811088330
2823532523
2835352722
2846293147
2853118293
2867073495
2879169928
2885750734
289783225
2904560484
290804701
2909554484
292270888
2925337381
2926769629
2930620444
2938635653
2939757927
2957500856
2966773165
2974172527
2977416912
2982693897
2982721050
2992156634
2999706167
3005208460
3014957092
3021052216
3021743325
3021851470
3034170480
3049214766
3070936380
3073867683
3074284273
3074450476
3076909561
3156408866
3169674949
3177932279
321560743
32234056
3241728019
3244693234
3245949261
3246858864
325684484
326522090
3283424679
3295267196
3301027827
3305647838
3314527906
3376351618
338692979
3397697562
3422390615
34394317
3462517461
3481768324
3490181098
3501614853
3530938211
353901018
356927555
362981464
364192677
3681502441
372477188
37448401
381687316
383975466
3839839033
385373249
3896108031
3914403345
3918067539
3949577764
396991932
398376884
39854079
401583142
4018897255
407400090
407874460
408575139
408834084
4127421538
413154319
41357604
413730210
4196190774
4205911714
4211246113
421657181
4227964848
4281978388
433886431
448552177
465358325
47154467
49087749
497116795
50254139
50594204
509818938
518881
526417358
528807584
52999134
58848558
59045427
593253725
603141225
60884012
631300490
63192508
637118212
646472441
646958641
648156855
648546527
649426482
650591941
65674584
662001508
665760919
66699829
667183974
66853826
670479627
672486836
67256641
674293338
677273982
67772141
680516576
683157153
683431308
684239560
68682853
68757166
693075108
71531163
72126688
721533268
729812660
73723904
739969256
749424884
758203626
759030405
759757301
760944041
762090986
765244131
768306980
772711785
783521076
784458677
791299650
79235098
810195644
811035695
812140540
820665723
820813453
823103032
829145524
832521901
835836295
839354222
842117051
848990276
849667246
849691689
851846424
854983219
855018812
861018700
863266726
867729111
869853521
870220223
87558860
88757873
889900591
896372081
897495248
901340561
904825030
924791430
926138778
928070437
967347
190418917
